000001101100011
010100000110010
010010100110010
000001001111011
010011100110011
010011000110011
000001011111111
010011100110010
000001000000000
010010100110010
000001001100100
000001100110010
010100001111000
010110001111000
000001001100100
000001100101000
011001111001000
000001010101010
010011110010110
000001011001100
000001110010110
011011000000000
000001111000011
000001001010101
010011100010000
011100100010000
000001010100101
000001111010010
011111000000000
000001011001010
000001110101100
010100011011100
011111111011100
000001101010101
100010011100110
000001011010100
000001111110000
100100000000000
000001001001101
010011111111010
100100111111010
000001011111111
010011111111011
100100111111011
000001001111011
010011111111111
000001111111111
100110000000000
000001000010100
010011111001000
000001111001000
000001000010100
101001000000000
101100100111000
000001100000010
101000000111001
000001100000001
010100001100100
000001001100011
000001100000011
100111100000000
101100000111111
101001101000010
010101100000000
000101100000001
101001100111100
000000000000000
